0.822254280287888
0.8347733133316613
0.8305608575904626
0.830949296822584
0.8024110672978634
0.8490382984016789
0.8483191462159317
0.863670498928887
0.787305815943274
0.8182971788808513
0.8502041907550228
0.8342473963942532
0.8018339447275594
0.8234842124614599
0.7516899898797302
0.7919782294116091
0.8004586112686815
0.8451821240860519
0.8271979144706743
0.8288728197737941
0.8290578780276741
0.7857490770467592
0.8162197990932669
0.8091826746943951
0.8074324470394193
0.8333221166517449
0.8211878776967685
0.8466615209892434
0.8344980659735283
0.8403562969344571
0.8343057210739331
0.8300696152460558
0.803590237599253
0.8323088605202198
0.8286393090490702
0.8221276283512993
0.8225489575821898
0.8257115043794289
0.8090318939253633
0.8705776414964135
0.8194994626274498
0.7846557131097187
0.8211346089188778
0.807795849046966
0.8717851223255196
0.8003449136662817
0.8249125881713786
0.840165679603157
0.8399009581112016
0.8278017680644514
