0.9006173108683668
0.9165242897732023
0.9173891226810515
0.9133368031768447
0.9060982367882107
0.9099919671362742
0.8762769144388147
0.8888542064820976
0.8753601274081508
0.876907073688065
0.9073084486310855
0.9031319611529867
0.8888799064606493
0.8997912393895837
0.892475743424788
0.8991188380309278
0.9115709233738033
0.9185289658193303
0.9095072992318338
0.9090389172339376
0.8994036985717194
0.9289404325821563
0.8866619131022416
0.8978730900860434
0.9027305493847068
0.9322970216383789
0.9198756862626016
0.8907499688820749
0.8720644272476273
0.9069919485425564
0.8828365324589804
0.8860523632567693
0.901661623799092
0.8895968255269687
0.9163852643834084
0.9222376236542729
0.8928268006073106
0.884261132432548
0.9011564146760802
0.9043246150625142
0.8656039617958353
0.8789342548158063
0.9054785251834943
0.9227397180813496
0.9227399643027873
0.8955109452582439
0.9054370053492858
0.8749494362834376
0.9150271617225116
0.9028239155929368
